0.00793173	
0.00342669	
-0.0127005	
0.000729244	
0.00331046	
0.00551591	
-0.0292842	
0.0135595	
-0.00481811	
-0.00898738	
0.0060304	
-0.0102401	
-0.0305502	
-0.02711	
0.00192362	
0.00163284	
0.0161228	
-0.00487185	
-0.0105309	
0.0252445	
-0.0109558	
-0.0056188	
0.00546675	
0.0208649	
-0.0351178	
-0.0423427	
-0.00632118	
0.00559631	
0.0371666	
0.0266759	
0.0173888	
0.0242022	
0.00556964	
0.00156577	
0.00324339	
-0.00951978	
0.00325672	
-0.029745	
0.00734558	
-0.0060304	
-0.0324157	
0.00662987	
-0.0141411	
0.00433029	
0.0411034	
-0.00836123	
-0.00700564	
-0.0347553	
-0.00778843	
-0.00184321	
0.00183864	
0.0267163	
0.0245467	
-0.000281826	
-0.00724269	
7.60293e-05	
-0.0240814	
0.00621828	
0.0139532	
0.0257053	
-0.0202833	
-0.00724269	
0.040401	
0.0126022	
0.00461231	
0.00902778	
-0.01058	
0.00880865	
0.00344918	
0.0175767	
-0.023227	
-0.000693419	
0.0196168	
0.00507306	
-0.00887115	
0.0168073	
-0.00644657	
-0.0115911	
-0.00752013	
-0.0032613	
0.00220107	
-0.00538176	
-0.0209186	
0.0340396	
-0.00272889	
-0.0317804	
0.000178928	
-0.015103	
-0.00156577	
-0.00927816	
-0.0202117	
-0.00964059	
0.0107546	
0.0093319	
-0.0132508	
0.0104325	
0.030756	
-0.00587834	
0.0113315	
0.0187086	
