0.00793173	
0.0466103	
0.0776036	
0.141062	
0.205991	
0.328989	
0.432892	
0.533611	
0.552592	
0.559057	
0.599055	
0.661001	
0.677853	
0.651593	
0.650654	
0.635837	
0.634638	
0.638145	
0.63016	
0.656536	
0.645075	
0.629176	
0.617321	
0.643277	
0.626988	
0.661327	
0.650689	
0.64138	
0.668512	
0.65387	
0.651629	
0.64771	
0.655476	
0.644408	
0.66819	
0.688974	
0.677652	
0.682662	
0.68574	
0.67996	
0.651047	
0.665488	
0.673115	
0.657717	
0.652774	
0.659256	
0.661958	
0.635613	
0.61074	
0.608074	
0.610521	
0.632553	
0.626357	
0.646547	
0.652161	
0.656523	
0.655123	
0.674914	
0.670825	
0.667233	
0.668584	
0.659431	
0.629986	
0.644967	
0.627006	
0.628397	
0.62179	
0.645343	
0.655221	
0.648104	
0.637081	
0.634826	
0.641975	
0.649929	
0.645809	
0.636691	
0.634723	
0.648206	
0.626429	
0.63024	
0.644323	
0.641071	
0.664204	
0.669881	
0.659073	
0.636674	
0.642082	
0.654586	
0.655561	
0.640284	
0.619294	
0.601636	
0.624649	
0.621947	
0.64015	
0.640543	
0.665671	
0.658487	
0.65472	
0.659122	
