0.00793173	
0.00303301	
-0.0101684	
-0.000639681	
0.00166866	
0.00688483	
-0.0245959	
0.0165881	
-0.00498808	
-0.00606164	
0.00827167	
-0.002626	
-0.0227974	
-0.0231911	
0.00200861	
0.000384724	
0.00772135	
-0.00866993	
-0.00484936	
0.023209	
-0.0128213	
-0.0116761	
0.00984639	
0.0227304	
-0.0291813	
-0.0319908	
-0.00827167	
0.00930941	
0.0367729	
0.0274454	
0.0147539	
0.0219609	
0.00411573	
-0.00214733	
-0.0109245	
-0.0139353	
0.00135539	
-0.0204712	
0.0175946	
-0.000572608	
-0.0144497	
0.00876825	
-0.00967642	
-0.00828082	
0.0207932	
-0.0105846	
-0.00885323	
-0.0136936	
-0.00671028	
0.00394118	
-0.0022144	
0.0184849	
0.0144497	
-0.0125663	
-0.0172859	
0.00140913	
-0.0222159	
0.0148255	
-0.00200861	
0.0199209	
0.00119	
0.00446025	
0.0337622	
-0.0142127	
0.00135997	
0.0207665	
-0.015747	
-0.00895155	
0.0193976	
0.0140694	
-0.0426827	
-0.0134253	
0.0326036	
0.00924691	
-0.00974349	
0.0157112	
-0.00678651	
-0.0185207	
-0.0264614	
-0.0149776	
0.0158724	
0.0126513	
-0.0115598	
0.034912	
0.000881303	
-0.0234998	
0.0133537	
0.0134699	
0.000711332	
-0.00486727	
-0.028631	
-0.00185197	
0.0275037	
0.012016	
-0.0166552	
0.0309306	
0.0456755	
0.00633909	
0.0293288	
0.00276014	
