Y17	255	255	255	255	255	255	255	255	255	255	255	255	255	255	255	255	255	255	255	255	255	255	255	255	255	255	255	255	255	255	255	255	255	255	255	255	255	255	255	255	255	255	255	255	255	255	255	255	255	255	255	255	255	255	255	255	255	255	255	255	255	255	255	255	255	255	255	0	0	0
Y18	255	255	255	255	255	255	255	255	255	255	255	255	255	255	255	255	255	255	255	255	255	255	255	255	255	255	255	255	255	255	255	255	255	255	255	255	255	255	255	255	255	255	255	255	255	255	255	255	255	255	255	255	255	255	255	255	255	255	255	255	255	255	255	255	255	255	255	255	0	0
Y19	255	255	255	255	255	255	255	255	255	0	0	255	255	255	255	255	255	255	255	255	255	255	255	255	255	255	255	255	255	255	255	255	255	255	255	255	255	255	255	255	255	255	255	255	255	255	255	255	255	255	255	255	255	255	255	255	255	255	255	255	255	255	255	255	255	255	255	255	255	0
Y20	255	255	255	255	255	255	255	255	0	0	0	255	255	255	255	255	255	255	255	255	255	255	255	255	255	255	255	255	255	255	255	255	255	255	255	255	255	255	255	255	255	255	255	255	255	255	255	255	255	255	255	255	255	255	255	255	255	255	255	255	255	255	255	255	255	255	255	255	255	255
Y21	255	255	255	255	255	255	255	0	0	0	0	255	255	255	255	255	255	255	255	255	255	255	255	255	255	255	255	255	255	255	255	255	255	255	255	255	255	255	255	255	255	255	255	255	255	255	255	255	255	255	255	255	255	255	255	255	255	255	255	255	255	255	255	255	255	255	255	255	255	255
Y22	255	255	255	255	255	255	255	0	0	0	0	0	255	255	255	255	255	255	255	255	255	255	255	255	255	255	255	255	255	255	255	255	255	255	255	255	255	255	255	255	255	255	255	255	255	255	255	255	255	255	255	255	255	255	255	255	255	255	255	255	255	255	255	255	255	255	255	255	255	255
Y23	255	255	255	255	255	255	255	0	0	0	0	0	255	0	255	255	255	255	255	255	255	255	255	255	255	255	255	255	255	255	255	255	255	255	255	255	255	255	255	255	255	255	255	255	255	255	255	255	255	255	255	255	255	255	255	255	255	255	255	255	255	255	255	255	255	255	255	255	255	255
Y24	255	255	255	255	255	255	255	0	0	0	0	0	0	0	255	255	255	255	255	255	255	255	255	255	255	255	255	255	255	255	255	255	255	255	255	255	255	255	255	255	255	255	255	255	255	255	255	255	255	255	255	255	255	255	255	255	255	255	255	255	255	255	255	255	255	255	255	255	255	255
Y25	255	255	255	255	255	255	255	0	0	0	0	0	0	255	255	255	255	255	255	255	255	255	255	255	255	255	255	255	255	255	255	255	255	255	255	255	255	255	255	255	255	255	255	255	255	255	255	255	255	255	255	255	255	255	255	255	255	255	255	255	255	255	255	255	255	255	255	255	255	255
Y26	255	255	255	255	255	255	255	0	0	0	0	0	0	0	255	0	255	255	255	255	255	255	255	255	255	255	255	255	255	255	255	255	255	255	255	255	255	255	255	255	255	255	255	255	255	255	255	255	255	255	255	255	255	255	255	255	255	255	255	255	255	255	255	255	255	255	255	255	255	255
Y27	255	255	255	255	255	255	255	0	0	0	0	0	0	0	0	255	255	255	255	255	255	255	255	255	255	255	255	255	255	255	255	255	255	255	255	255	255	255	255	255	255	255	255	255	255	255	255	255	255	255	255	255	255	255	255	255	255	255	255	255	255	255	255	255	255	255	255	255	255	255
Y28	255	255	255	255	255	255	0	0	0	0	0	0	0	0	0	255	255	255	255	255	255	255	255	255	255	255	255	255	255	255	255	255	255	255	255	255	255	255	255	255	255	255	255	255	255	255	255	255	255	255	255	255	255	255	255	255	255	255	255	255	255	255	255	255	255	255	255	255	255	255
Y29	255	255	255	255	255	255	0	0	0	0	0	0	0	0	0	0	255	255	255	255	255	255	255	255	255	255	255	255	255	255	255	255	255	255	255	255	255	255	255	255	255	255	255	255	255	255	255	255	255	255	255	255	255	255	255	255	255	255	255	255	255	255	255	255	255	255	255	255	255	255
Y30	255	255	255	255	255	255	255	0	0	0	0	0	0	0	0	0	255	0	0	255	255	255	255	255	255	255	255	255	255	255	255	255	255	255	255	255	255	255	255	255	255	255	255	255	255	255	255	255	255	255	255	255	255	255	255	255	255	255	255	255	255	255	255	255	255	255	255	255	255	255
Y31	255	255	255	255	255	255	255	0	0	0	0	0	0	0	0	0	255	0	0	255	255	255	255	255	255	255	255	255	255	255	255	255	255	255	255	255	255	255	255	255	255	255	255	255	255	255	255	255	255	255	255	255	255	255	255	255	255	255	255	255	255	255	255	255	255	255	255	255	255	255
Y32	255	255	255	255	255	255	255	0	0	0	0	0	0	0	0	0	0	0	0	255	0	0	0	255	255	0	255	255	255	255	255	255	255	255	255	255	255	255	255	255	255	255	255	255	255	255	255	255	255	255	255	255	255	255	255	255	255	255	255	255	255	255	255	255	255	255	255	255	255	255
Y33	255	255	255	255	255	255	255	255	0	0	0	0	0	0	0	0	0	0	255	0	0	0	0	0	0	0	0	255	255	255	255	255	255	255	255	255	255	255	255	255	255	255	255	255	255	255	255	255	255	255	255	255	255	255	255	255	255	255	255	255	255	255	255	255	255	255	255	255	255	255
Y34	255	255	255	255	255	255	255	0	0	0	0	0	0	0	0	0	0	0	0	0	0	0	0	0	0	0	0	0	255	255	255	255	255	255	255	255	255	255	255	255	255	255	255	255	255	255	255	255	255	255	255	255	255	255	255	255	255	255	255	255	255	255	255	255	255	255	255	255	255	255
Y35	255	255	255	255	255	255	255	255	0	0	0	0	0	0	0	0	0	0	0	0	0	0	0	0	0	0	0	0	0	0	255	255	255	255	255	255	255	255	255	255	255	255	255	255	255	255	255	255	255	255	255	255	255	255	255	255	255	255	255	255	255	255	255	255	255	255	255	255	255	255
Y36	255	255	255	255	255	255	255	0	0	0	0	0	0	0	0	0	0	0	0	0	0	0	0	0	0	0	0	0	0	0	0	255	255	255	255	255	255	255	255	255	255	255	255	255	255	255	0	0	0	0	0	255	255	255	255	255	255	255	255	255	255	255	255	255	255	255	255	255	255	255
Y37	255	255	255	255	255	255	255	0	0	0	0	0	0	0	0	0	0	0	255	255	255	0	0	0	0	0	0	0	0	0	0	0	255	255	255	255	255	255	255	255	255	255	255	255	255	255	0	0	0	0	0	0	255	255	255	255	255	255	255	255	255	255	255	255	255	255	255	255	255	255
Y38	255	255	255	255	255	255	0	0	0	0	0	0	0	0	0	0	0	0	255	255	255	0	0	0	0	0	0	0	0	0	0	0	0	0	255	255	255	255	255	255	255	255	255	255	255	0	0	0	0	0	0	0	0	255	255	255	255	255	255	255	255	255	255	255	255	255	255	255	255	255
Y39	255	255	255	255	255	255	0	0	0	0	0	0	0	0	0	0	0	0	0	255	0	0	0	255	255	255	0	0	0	0	0	0	0	0	0	255	255	255	255	255	255	255	255	255	0	0	0	0	0	0	0	0	0	255	255	255	255	255	255	255	255	255	255	255	255	255	255	255	255	255
Y40	255	255	255	255	255	255	0	0	0	0	0	0	0	0	0	0	0	0	255	255	0	0	255	255	255	255	255	0	255	255	255	0	0	0	0	0	255	255	255	255	255	255	255	255	255	0	0	0	255	255	0	0	0	255	255	255	255	255	255	255	255	255	255	255	255	255	255	255	255	255
Y41	255	255	255	255	255	255	0	0	0	0	0	0	0	0	0	0	0	0	255	0	0	0	0	0	0	0	0	255	0	0	255	0	0	0	0	0	255	255	255	255	255	255	255	255	0	0	0	0	255	255	255	255	0	255	255	255	255	255	255	255	255	255	255	255	255	255	255	255	255	255
Y42	255	255	255	255	255	255	0	0	0	0	0	0	0	0	0	0	0	0	0	0	0	0	0	0	0	0	0	0	0	0	0	0	0	0	0	0	255	255	255	255	255	255	255	0	0	0	0	0	0	0	255	255	255	0	255	255	255	255	255	255	255	255	255	255	255	255	255	255	255	255
Y43	255	255	255	255	255	0	0	0	0	0	0	0	0	0	0	0	0	0	0	0	0	0	0	0	0	0	255	0	0	0	0	0	0	0	0	0	255	255	255	255	255	255	255	0	0	0	0	0	0	0	0	0	255	0	255	255	255	255	255	255	255	255	255	255	255	255	255	255	255	255
Y44	255	255	255	255	255	0	0	0	0	0	0	0	0	0	0	0	255	0	0	0	0	0	0	0	0	255	255	255	0	255	255	255	0	0	0	0	255	255	255	255	255	255	255	255	0	0	0	0	0	255	0	0	0	0	255	255	255	255	255	255	255	255	255	255	255	255	255	255	255	255
Y45	255	255	255	255	0	0	0	0	0	0	0	0	255	255	255	0	0	0	0	0	0	0	0	0	255	255	255	255	255	255	255	255	0	0	0	0	255	255	255	255	255	255	255	255	255	255	255	0	255	255	255	255	0	0	255	255	255	255	255	255	255	255	255	255	255	255	255	255	255	255
Y46	0	255	255	255	0	0	0	0	0	0	0	0	255	255	255	255	255	0	0	0	0	0	0	255	255	255	255	255	255	255	255	255	0	0	0	0	255	255	255	255	255	255	255	255	255	255	255	255	255	255	255	255	255	0	255	255	255	255	255	255	255	255	255	255	255	255	255	255	255	255
Y47	0	0	0	0	0	0	0	0	0	0	0	0	255	255	255	255	255	0	255	0	0	0	0	0	0	0	255	255	255	255	255	255	255	0	0	0	255	255	255	255	255	255	255	255	255	255	255	255	255	255	255	255	255	0	255	255	255	255	255	255	255	255	255	255	255	255	255	255	255	255
Y48	0	0	0	0	0	0	0	0	0	0	0	0	0	0	0	0	0	0	255	255	255	0	0	0	255	255	255	255	255	255	255	255	255	0	0	0	0	255	255	255	255	255	255	255	255	255	255	255	255	255	255	255	255	255	255	255	255	255	255	255	255	255	255	255	255	255	255	255	255	255
Y49	0	0	0	0	0	0	0	0	0	0	0	0	255	255	255	255	0	0	255	255	255	255	255	255	255	255	255	255	255	255	255	255	255	0	0	0	0	255	255	255	255	255	255	255	255	255	255	255	255	255	255	255	255	255	255	255	255	255	255	255	255	255	255	255	255	255	255	255	255	255
Y50	0	0	0	0	0	0	0	0	0	0	0	0	0	255	255	255	255	255	255	255	255	255	255	255	255	255	255	255	255	255	255	255	0	0	0	0	0	255	255	255	255	255	255	255	255	255	255	255	255	255	255	255	255	255	255	255	255	255	255	255	255	255	255	255	255	255	255	255	255	255
Y51	0	0	0	0	0	0	0	0	0	0	0	0	255	255	255	255	255	255	255	255	255	255	255	255	255	255	255	255	255	255	255	0	0	0	0	0	0	0	255	255	255	255	255	255	255	255	255	255	255	255	255	255	255	255	255	255	255	255	255	255	255	255	255	255	255	255	255	255	255	255
Y52	0	0	0	0	0	0	0	0	0	0	0	0	0	255	255	255	255	255	255	255	255	255	255	255	255	255	255	255	255	255	255	0	0	0	0	0	0	255	255	255	255	255	255	255	255	255	255	255	255	255	255	255	255	255	255	255	255	255	255	255	255	255	255	255	255	255	255	255	255	255
Y53	0	0	0	0	0	0	0	0	0	0	0	0	0	255	255	255	255	255	255	255	255	255	255	255	255	255	255	255	255	255	0	0	0	0	0	0	0	255	255	255	255	255	255	255	255	255	255	255	255	255	255	255	255	255	255	255	255	255	255	255	255	255	255	255	255	255	255	255	255	255
Y54	0	0	0	0	0	0	0	0	0	0	0	0	0	0	255	255	255	255	255	255	255	255	255	255	255	255	255	255	255	255	0	0	0	0	0	0	0	255	255	255	255	255	255	255	255	255	255	255	255	255	255	255	255	255	255	255	255	255	255	255	255	255	255	255	255	255	255	255	255	255
Y55	0	0	0	0	0	0	0	0	0	0	0	0	0	0	255	255	255	255	255	255	255	255	255	255	255	255	255	255	255	255	255	0	0	0	0	0	0	255	255	255	255	255	255	255	255	255	255	255	255	255	255	255	255	255	255	255	255	255	255	255	255	255	255	255	255	255	255	255	255	255
Y56	0	0	0	0	0	0	0	0	0	0	0	0	0	0	255	255	255	255	255	255	255	255	255	255	255	255	255	255	255	255	0	0	0	0	0	0	0	255	255	255	255	255	255	255	255	255	255	255	255	255	255	255	255	255	255	255	255	255	255	255	255	255	255	255	255	255	255	255	255	255
Y57	0	0	0	0	0	0	0	0	0	0	0	0	0	0	255	255	255	255	255	255	255	255	255	255	255	255	255	255	255	255	0	0	0	0	0	0	0	255	255	255	255	255	255	255	255	255	255	255	255	255	255	255	255	255	255	255	255	255	255	255	255	255	255	255	255	255	255	255	255	255
Y58	0	0	0	0	0	0	0	0	0	0	0	0	0	0	0	255	255	255	255	255	255	255	255	255	255	255	255	255	255	0	0	0	0	0	0	0	0	0	255	255	255	255	255	255	255	255	255	255	255	255	255	255	255	255	255	255	255	255	255	255	255	255	255	255	255	255	255	255	255	255
Y59	0	0	0	0	0	0	0	0	0	0	0	0	0	0	0	0	255	255	255	255	255	255	255	255	255	255	255	255	255	0	0	0	0	0	0	0	0	0	255	255	255	255	255	255	255	255	255	255	255	255	255	255	255	255	255	255	255	255	255	255	255	255	255	255	255	255	255	255	255	255
Y60	0	0	0	0	0	0	0	0	0	0	0	0	0	0	0	0	0	255	255	255	255	255	255	255	255	255	255	255	0	0	0	0	0	0	0	0	0	0	0	255	255	255	255	255	255	255	255	255	255	255	255	255	255	255	255	255	255	255	255	255	255	255	255	255	255	255	255	255	255	255
Y61	0	0	0	0	0	0	0	0	0	0	0	0	0	0	0	0	0	0	255	255	255	255	255	255	255	255	255	0	0	0	0	0	0	0	0	0	0	0	0	0	255	255	255	255	255	255	255	255	255	255	255	255	255	255	255	255	255	255	255	255	255	255	0	255	255	255	255	255	255	255
Y62	0	0	0	0	0	0	0	0	0	0	0	0	0	0	0	0	0	0	255	255	255	255	255	255	255	255	0	0	0	0	0	0	0	0	0	0	0	0	0	0	0	255	255	255	255	255	255	0	255	255	255	255	255	255	255	255	255	255	255	255	255	255	255	255	255	255	255	255	255	255
Y63	0	0	0	0	0	0	0	0	0	0	0	0	0	0	0	0	0	0	0	255	255	255	255	255	255	255	0	0	0	0	0	0	0	0	0	0	0	0	0	0	0	0	0	0	0	255	255	255	0	255	255	255	255	255	255	255	255	255	255	0	0	255	255	255	255	255	255	255	255	255
Y64	0	0	0	0	0	0	0	0	0	0	0	0	0	0	0	0	0	0	0	255	255	255	255	255	255	255	255	0	0	0	0	0	0	0	0	0	0	0	0	0	0	0	0	0	255	255	255	255	255	255	255	255	255	255	255	255	255	0	0	0	0	255	255	255	255	255	255	255	255	255
Y65	0	0	0	0	0	0	0	0	0	0	0	0	0	0	0	0	0	0	0	255	255	255	255	255	255	255	255	255	0	0	0	0	0	0	0	0	0	0	0	0	0	0	255	255	255	255	255	255	255	255	255	255	255	255	255	255	255	0	0	0	0	255	255	255	255	255	255	255	255	255
Y66	0	0	0	0	0	0	0	0	0	0	0	0	0	0	0	0	0	0	0	0	255	255	255	255	255	255	255	255	255	0	0	0	0	0	0	0	0	0	0	0	0	255	255	255	255	255	255	255	255	255	255	255	255	255	255	255	0	0	0	0	0	255	255	255	255	255	255	255	255	255
Y67	0	0	0	0	0	0	0	0	0	0	0	0	0	0	0	0	0	0	0	0	255	255	255	255	255	255	0	0	255	0	0	255	0	0	0	0	0	0	0	0	255	255	255	255	255	255	255	255	255	255	255	255	255	255	255	255	0	0	0	0	0	255	255	255	255	255	255	255	255	255
Y68	0	0	0	0	0	0	0	0	0	0	0	0	0	0	0	0	0	0	0	0	255	255	255	255	255	255	255	255	0	0	255	255	0	0	0	0	255	255	255	255	255	255	255	255	255	255	255	255	255	255	255	255	255	255	255	255	255	255	255	0	0	0	255	255	255	255	255	255	255	0
Y69	0	0	0	0	0	0	0	0	0	0	0	0	0	0	0	0	0	0	0	0	0	255	0	255	255	0	0	0	0	0	0	0	0	0	0	0	255	255	255	255	255	255	255	255	255	255	255	255	255	255	255	255	255	255	255	255	255	255	0	0	0	0	0	0	0	255	255	255	0	0
Y70	0	0	0	0	0	0	0	0	0	0	0	0	0	0	0	0	0	0	0	0	0	0	255	255	255	0	0	0	0	0	0	255	0	0	0	0	255	255	255	0	255	255	255	255	255	255	255	255	255	255	255	255	255	255	255	255	0	0	0	0	0	0	0	0	0	0	0	0	0	0
Y71	0	0	0	0	0	0	0	0	0	0	0	0	0	0	0	0	0	0	0	0	0	0	0	255	0	0	0	0	0	0	0	0	0	0	0	255	255	255	0	255	255	255	255	0	255	255	255	255	255	255	255	255	255	255	255	255	0	0	0	0	0	0	0	0	0	0	0	0	0	0
Y72	0	0	0	0	0	0	0	0	0	0	0	0	0	0	0	0	0	0	0	0	0	0	0	0	0	0	0	0	0	0	0	0	0	0	0	0	0	0	0	0	0	255	0	0	0	0	255	255	255	255	255	255	255	255	255	0	0	0	0	0	0	0	0	0	0	0	0	0	0	0
Y73	0	0	0	0	0	0	0	0	0	0	0	0	0	0	0	0	0	0	0	0	0	0	0	0	0	0	0	0	0	0	0	0	0	0	0	0	0	0	0	0	0	0	0	0	0	0	0	255	255	255	255	255	255	255	255	0	0	0	0	0	0	0	0	0	0	0	0	0	0	0
Y74	0	0	0	0	0	0	0	0	0	0	0	0	0	0	0	0	0	0	0	0	0	0	0	0	0	0	0	0	0	0	0	0	0	0	0	0	0	0	0	0	0	0	0	0	0	0	0	0	0	255	255	255	255	255	0	0	0	0	0	0	0	0	0	0	0	0	0	0	0	0
Y75	0	0	0	0	0	0	0	0	0	0	0	0	0	0	0	0	0	0	0	0	0	0	0	0	0	0	0	0	0	0	0	0	0	0	0	0	0	0	0	0	0	0	0	0	0	0	0	0	0	255	255	255	255	255	0	0	0	0	0	0	0	0	0	0	0	0	0	0	0	0
Y76	0	0	0	0	0	0	0	0	0	0	0	0	0	0	0	0	0	0	0	0	0	0	0	0	0	0	0	0	0	0	0	0	0	0	0	0	0	0	0	0	0	0	0	0	0	0	0	0	0	0	255	255	255	255	0	0	0	0	0	0	0	0	0	0	0	0	0	0	0	0
Y77	0	0	0	0	0	0	0	0	0	0	0	0	0	0	0	0	0	0	0	0	0	0	0	0	0	0	0	0	0	0	0	0	0	0	0	0	0	0	0	0	0	0	0	0	0	255	255	0	0	255	255	255	255	255	0	0	0	0	0	0	0	0	0	0	0	0	0	0	0	0
Y78	0	0	0	0	0	0	0	0	0	0	0	0	0	0	0	0	0	0	0	0	0	0	0	0	0	0	0	0	0	0	0	0	0	0	0	0	0	0	0	0	0	0	255	255	255	255	255	255	255	255	255	255	255	0	0	0	0	0	0	0	0	0	0	0	0	0	0	0	0	0
Y79	0	0	0	0	0	0	0	0	0	0	0	0	0	0	0	0	0	0	0	0	0	0	0	0	0	0	0	0	0	0	0	0	0	0	0	0	0	0	0	0	0	255	255	255	255	255	255	255	255	255	255	255	255	0	0	0	0	0	0	0	0	0	0	0	0	0	0	0	0	0
Y80	0	0	0	0	0	0	0	0	0	0	0	0	0	0	0	0	0	0	0	0	0	0	0	0	0	0	0	0	0	0	0	0	0	0	0	0	0	0	0	0	255	255	255	255	255	255	255	255	255	255	255	255	0	0	0	0	0	0	0	0	0	0	0	0	0	0	0	0	0	0
Y81	0	0	0	0	0	0	0	0	0	0	0	0	0	0	0	0	0	0	0	0	0	0	0	0	0	0	0	0	0	0	0	0	0	0	255	255	255	255	255	255	255	255	255	255	255	255	255	255	255	255	0	255	0	0	0	0	0	0	0	0	0	0	0	0	0	0	0	0	0	0
Y82	0	0	0	0	0	0	0	0	0	0	0	0	0	0	0	0	0	0	0	0	0	0	0	0	0	0	0	0	0	0	0	0	255	255	255	255	255	255	255	255	255	255	255	255	255	255	255	255	255	0	255	255	255	0	0	0	0	0	0	0	0	0	0	0	0	0	0	0	0	0
Y83	0	0	0	0	0	0	0	0	0	0	0	0	0	0	0	0	0	0	0	0	0	0	0	0	0	0	0	0	0	0	0	0	255	255	255	255	255	255	255	255	255	255	255	255	255	255	255	255	0	255	255	255	255	255	255	255	0	0	0	0	0	0	0	0	0	0	0	0	0	0
Y84	0	0	0	0	0	0	0	0	0	0	0	0	0	0	0	0	0	0	0	0	0	0	0	0	0	0	0	0	0	0	0	0	255	255	255	255	255	255	255	255	255	255	255	255	255	255	255	255	0	255	255	255	255	255	255	255	255	255	0	0	0	0	0	0	0	0	0	0	0	0
Y85	0	0	0	0	0	0	0	0	0	0	0	0	0	0	0	0	0	0	0	0	0	0	0	0	0	0	0	0	0	0	0	0	0	0	255	255	255	255	255	255	255	255	255	255	255	255	255	0	255	255	255	255	255	255	255	255	255	255	255	255	255	0	0	0	0	0	0	0	0	0
Y86	0	0	0	0	0	0	0	0	0	0	0	0	0	0	0	0	0	0	0	0	0	0	0	0	0	0	0	0	0	0	0	0	0	0	0	0	255	255	0	255	255	255	255	255	255	255	0	255	255	255	255	255	255	255	255	255	255	255	255	255	255	255	255	255	0	0	0	0	0	0
