Y8	0	0	0	0	0	0	0	0	0	0	0	0	0	0	0	0	0	0	0	0	0	0	0	0	0	0	0	0	0	0	0	0	0	0	0	0	0	0	0	0	0	0	0	0	0	0	0	0	0	0	0	0	0	0	0	0	0	0	0	0	0	0	0	0	0	0	0	0	0	0
Y9	0	0	0	0	0	0	0	0	0	0	0	0	0	0	0	0	0	0	0	0	0	0	0	0	0	0	0	0	0	0	0	255	0	0	0	0	0	0	0	0	0	0	0	0	0	0	0	0	0	0	0	0	0	0	0	0	0	0	0	0	0	0	0	0	0	0	0	0	0	0
Y10	0	0	0	0	0	0	0	0	0	0	0	0	0	0	0	0	0	0	0	0	0	0	0	0	0	0	255	255	255	255	255	255	255	255	0	0	0	0	0	0	0	0	0	0	0	0	0	0	0	0	0	0	0	0	0	0	0	0	0	0	0	0	0	0	0	0	0	0	0	0
Y11	0	0	0	0	0	0	0	0	0	0	0	0	0	0	0	0	0	0	0	0	0	0	255	255	255	255	255	255	255	255	255	0	0	0	0	0	0	0	0	0	0	0	0	0	0	0	0	0	0	0	0	0	0	0	0	0	0	0	0	0	0	0	0	0	0	0	0	0	0	0
Y12	0	0	0	0	0	0	0	0	0	0	0	0	0	0	0	0	0	0	0	0	0	255	255	255	255	255	255	255	255	255	255	0	0	0	0	0	0	0	0	0	0	0	0	0	0	0	0	0	0	0	0	0	0	0	0	0	0	0	0	0	0	0	0	0	0	0	0	0	0	0
Y13	0	0	0	0	0	0	0	0	0	0	0	0	0	0	0	0	0	0	0	255	255	255	255	255	255	255	255	255	255	255	0	0	0	0	0	255	255	0	0	0	0	0	0	0	0	0	0	0	0	0	0	0	0	0	0	0	0	0	0	0	0	0	0	0	0	0	0	0	0	0
Y14	0	0	0	0	0	0	0	0	0	0	0	0	0	0	0	0	0	0	255	255	255	255	255	255	255	255	255	255	255	255	255	0	0	0	0	0	255	0	0	0	0	0	0	0	0	0	0	255	255	255	0	0	0	0	0	0	0	0	0	0	0	0	0	0	0	0	0	0	0	0
Y15	0	0	0	0	0	0	0	0	0	0	0	0	0	0	0	0	0	255	255	255	255	255	255	255	255	255	255	255	255	255	255	0	0	0	0	0	0	0	0	0	0	0	0	0	0	0	0	255	255	255	0	255	0	0	0	0	0	0	0	0	0	0	0	0	0	0	0	0	0	0
Y16	0	0	0	0	0	0	0	0	0	0	0	0	0	0	0	255	255	255	255	255	255	255	255	255	255	255	255	255	255	255	255	255	0	0	0	0	0	0	0	0	0	0	0	0	0	0	0	0	0	0	0	0	0	0	0	0	0	0	0	0	0	0	0	0	0	0	0	0	0	0
Y17	0	0	0	0	0	0	0	0	0	0	0	0	0	0	255	255	255	255	255	255	255	255	255	255	255	255	255	255	255	255	255	255	255	0	0	0	0	0	0	0	0	0	0	0	0	0	0	0	0	0	0	0	0	0	0	0	0	0	0	0	0	0	0	0	0	0	0	0	0	0
Y18	0	0	0	0	0	0	0	0	0	0	0	0	0	0	255	255	255	255	255	255	255	255	255	255	255	255	255	255	255	255	0	0	255	255	0	0	0	0	0	0	0	0	0	0	0	0	0	0	0	0	0	0	0	0	0	0	0	0	0	0	0	0	0	0	0	0	0	0	0	0
Y19	0	0	0	0	0	0	0	0	0	0	0	0	0	255	255	255	255	255	0	255	255	255	255	255	255	255	255	255	0	0	0	255	255	0	255	255	255	255	0	0	0	0	0	255	255	0	0	0	0	0	0	0	255	0	0	0	0	0	0	0	0	0	0	0	0	0	0	0	0	0
Y20	0	0	0	0	0	0	0	0	0	0	0	0	0	255	255	255	255	255	255	255	255	255	255	255	255	255	255	0	0	0	0	0	0	255	255	255	255	255	0	0	0	0	0	0	0	0	0	0	0	0	0	0	0	0	0	0	0	0	0	0	0	0	0	0	0	0	0	0	0	0
Y21	0	0	0	0	0	0	0	0	0	0	0	0	255	255	255	255	255	255	255	255	255	255	255	255	255	255	255	0	0	0	0	0	0	255	255	255	255	255	255	0	0	0	0	0	0	0	0	0	0	0	0	0	0	0	0	0	0	0	0	0	0	0	0	0	0	0	0	0	0	0
Y22	0	0	0	0	0	0	0	0	0	0	0	0	255	255	255	255	255	255	255	255	255	255	255	0	0	255	255	255	255	255	255	255	255	255	255	255	255	255	255	255	0	0	0	0	0	0	0	0	0	0	0	0	0	0	0	0	0	0	0	0	0	0	0	0	0	0	0	0	0	0
Y23	0	0	0	0	0	0	0	0	0	0	0	0	255	255	255	255	255	255	255	255	255	0	0	0	0	0	255	255	255	255	255	255	255	255	255	255	255	255	255	255	255	0	0	0	0	0	0	0	0	0	0	0	0	0	0	0	0	0	0	0	0	0	0	0	0	0	0	0	0	0
Y24	0	0	0	0	0	0	0	0	0	0	0	255	255	255	255	255	255	255	255	0	0	0	0	0	0	255	255	255	255	255	255	255	255	255	255	255	255	255	255	255	255	255	0	0	0	0	0	0	0	0	0	0	0	0	0	0	0	0	0	0	0	0	0	0	0	0	0	0	0	0
Y25	0	0	0	0	0	0	0	0	0	0	0	0	0	0	0	255	0	255	255	0	0	0	0	0	255	255	255	255	255	255	255	255	255	255	255	255	255	255	255	255	255	0	0	0	0	0	0	0	0	0	0	0	0	0	0	0	0	0	0	0	0	0	0	0	0	0	0	0	0	0
Y26	0	0	0	0	0	0	0	0	0	0	0	0	0	0	0	0	0	0	0	0	0	0	0	0	255	255	255	255	255	255	255	255	255	255	255	255	255	255	255	255	255	0	0	0	255	255	255	0	0	0	0	0	0	0	0	0	0	0	0	0	0	0	0	0	0	0	0	0	0	0
Y27	0	0	0	0	0	0	0	0	0	0	0	0	0	0	0	0	0	0	0	0	0	0	0	0	255	255	255	255	255	255	255	255	255	255	255	255	255	255	255	255	255	255	0	255	255	255	255	255	255	0	0	0	0	0	0	0	0	0	0	0	0	0	0	0	0	0	0	0	0	0
Y28	0	0	0	0	0	0	0	0	0	0	0	0	0	0	0	0	0	0	0	0	0	0	0	0	255	255	255	255	255	255	255	255	255	255	255	255	255	255	255	255	255	255	255	255	255	255	255	255	255	255	0	0	0	0	0	0	0	0	0	0	0	0	0	0	0	0	0	0	0	0
Y29	0	0	0	0	0	0	0	0	0	0	0	0	0	0	0	0	0	0	0	0	0	0	0	255	255	255	255	255	255	255	255	255	255	255	255	255	255	255	255	255	255	255	255	255	255	255	255	255	255	255	0	0	0	0	0	0	0	0	0	0	0	0	0	0	0	0	0	0	0	0
Y30	0	0	0	0	0	0	0	0	0	0	0	0	0	0	0	0	0	0	0	0	0	0	0	255	255	255	255	255	255	255	255	255	255	255	255	255	255	255	255	255	255	255	255	255	255	255	255	255	255	255	255	0	0	0	0	0	0	0	0	0	0	0	0	0	0	0	0	0	0	0
Y31	0	0	0	0	0	0	0	0	0	0	0	0	0	0	0	0	0	0	0	0	0	0	0	255	255	255	255	255	255	255	255	255	255	255	255	255	255	255	255	255	255	255	255	255	255	255	255	255	255	255	255	0	0	0	0	0	0	0	0	0	0	0	0	0	0	0	0	0	0	0
Y32	0	0	0	0	0	0	0	0	0	255	0	255	255	255	0	0	0	0	0	0	0	0	0	255	255	255	255	255	255	255	255	255	255	255	255	255	255	255	255	255	255	255	255	255	255	255	255	255	255	255	255	0	0	0	0	0	0	0	0	0	0	0	0	0	0	0	0	0	0	0
Y33	0	0	0	0	0	0	0	0	0	0	255	255	255	255	255	0	0	0	0	0	0	0	0	255	255	255	255	255	255	255	255	255	255	255	255	255	255	255	255	255	255	255	255	255	255	255	255	255	255	255	255	0	0	0	0	0	0	0	0	0	0	0	0	0	0	0	0	0	0	0
Y34	0	0	0	0	0	0	0	0	0	0	255	255	255	255	255	255	0	0	0	0	0	0	0	255	255	255	255	255	255	255	255	255	255	255	255	255	255	255	255	255	255	255	255	255	255	255	255	255	255	255	255	255	0	0	0	0	0	0	0	0	0	0	0	0	0	0	0	0	0	0
Y35	0	0	0	0	0	0	0	0	0	0	255	255	255	255	255	255	0	0	0	0	0	0	0	255	255	255	255	255	255	0	0	0	255	255	0	0	255	255	255	255	255	255	255	255	255	255	255	255	255	255	255	255	255	0	0	0	0	0	0	0	0	0	0	0	0	0	0	0	0	0
Y36	0	0	0	0	0	0	0	0	0	0	0	0	255	255	255	255	255	255	255	0	0	0	0	255	255	255	255	0	0	0	0	0	0	0	0	0	0	0	0	255	255	255	255	255	255	0	0	0	0	0	0	0	0	0	0	0	0	0	0	0	0	0	0	0	0	0	0	0	0	0
Y37	0	0	0	0	0	0	0	0	0	255	0	0	0	0	0	0	255	255	0	0	0	0	0	255	255	255	0	0	0	0	0	0	0	0	0	0	0	0	0	0	255	255	255	0	0	0	0	0	0	0	0	0	0	0	0	0	0	0	0	0	0	0	0	0	0	0	0	0	0	0
Y38	0	0	0	0	0	0	0	0	0	0	0	0	0	0	0	0	0	0	0	0	0	0	0	255	255	255	0	0	0	0	0	0	0	0	0	0	0	0	0	255	255	255	0	0	0	0	0	0	0	0	0	0	0	0	0	0	0	0	0	0	0	0	0	0	0	0	0	0	0	0
Y39	0	0	0	0	0	0	0	0	0	0	0	0	0	0	0	0	0	0	0	0	0	0	0	255	255	255	255	255	0	0	255	0	0	0	0	0	0	0	0	255	255	255	255	0	0	0	0	0	0	0	0	0	0	0	0	0	0	0	0	0	0	0	0	0	0	0	0	0	0	0
Y40	0	0	0	0	255	255	255	255	255	255	255	0	0	255	0	0	0	0	0	0	0	0	255	255	255	255	255	255	255	255	255	255	0	0	0	0	0	255	255	255	255	255	255	0	0	0	0	0	0	0	0	0	0	0	0	0	0	0	0	0	0	0	0	0	0	0	0	0	0	0
Y41	0	0	0	0	255	255	255	255	255	255	255	255	255	255	255	0	0	0	0	0	0	0	255	255	255	255	255	255	255	255	255	255	0	0	0	0	255	255	255	255	255	255	255	0	0	0	0	0	0	0	0	0	0	0	0	0	0	0	0	0	0	0	0	0	0	0	0	0	0	0
Y42	0	0	0	255	255	255	255	255	255	255	255	255	255	255	255	255	255	255	255	0	0	0	0	255	255	255	255	255	255	255	255	255	0	0	0	255	255	255	255	255	255	255	255	0	0	0	0	0	0	0	0	0	0	0	0	0	0	0	0	0	0	0	0	0	0	0	0	0	0	0
Y43	0	0	0	255	255	255	255	255	255	255	255	255	255	255	255	255	255	255	255	0	0	0	0	255	255	255	255	255	255	255	255	255	255	255	255	255	255	255	255	255	255	255	255	0	0	0	0	0	0	0	0	0	0	0	0	0	0	0	0	0	0	0	0	0	0	0	0	0	0	0
Y44	0	0	0	255	255	255	255	255	255	255	255	255	255	255	255	255	255	255	255	0	0	0	0	255	255	255	255	255	255	255	255	255	255	255	255	255	255	255	255	255	255	255	255	0	0	0	0	0	0	0	0	0	0	0	0	0	0	0	0	0	0	0	0	0	0	0	0	0	0	0
Y45	0	0	0	255	255	255	255	255	255	255	255	255	255	255	255	255	255	255	0	0	0	0	0	255	255	255	255	255	255	255	255	255	255	255	255	255	255	255	255	255	255	255	255	0	0	0	0	255	0	0	0	0	0	0	0	0	0	0	0	0	0	0	0	0	0	0	0	0	0	0
Y46	0	0	0	0	0	255	255	255	255	255	255	255	255	255	255	255	0	0	0	0	0	0	0	0	255	255	255	255	255	255	255	255	255	255	255	255	255	255	255	255	255	255	255	0	0	0	0	255	255	255	255	0	0	0	0	0	0	0	0	0	0	0	0	0	0	0	0	0	0	0
Y47	0	0	0	0	0	0	0	255	255	255	255	255	255	255	255	0	0	0	0	0	0	0	0	0	255	255	255	255	255	255	255	255	255	255	255	255	255	255	255	255	255	255	255	0	0	0	0	255	255	255	255	0	0	0	0	0	0	0	0	0	0	0	0	0	0	0	0	0	0	0
Y48	0	0	0	0	0	0	0	0	0	255	255	255	255	0	0	0	0	0	0	0	0	0	0	0	255	255	255	255	255	255	255	255	255	255	255	255	255	255	255	255	255	255	255	0	0	0	0	255	255	255	255	0	0	0	0	0	0	0	0	0	0	0	0	0	0	0	0	0	0	0
Y49	0	0	0	0	0	0	0	0	0	0	255	0	0	0	0	0	0	0	0	0	0	0	0	0	0	255	255	255	255	255	255	255	255	255	255	255	255	255	255	255	255	255	255	0	0	0	0	0	0	0	0	0	0	0	0	0	0	0	0	0	0	0	0	0	0	0	0	0	0	0
Y50	0	0	0	0	0	0	0	0	0	0	0	0	0	0	0	0	0	0	0	0	0	0	0	0	0	255	255	255	255	255	255	255	255	255	255	255	255	255	255	255	255	255	255	255	255	0	0	0	0	0	0	0	0	0	0	0	0	0	0	0	0	0	0	0	0	0	0	0	0	0
Y51	0	0	0	0	0	0	0	0	0	0	0	0	0	0	0	0	0	0	0	0	0	0	0	0	255	255	255	255	255	255	255	255	255	255	255	255	255	0	255	255	255	255	255	255	0	0	0	0	255	0	0	0	0	0	0	0	0	0	0	0	0	0	0	0	0	0	0	0	0	0
Y52	0	0	0	0	0	0	0	0	0	0	0	0	0	0	0	0	0	0	0	0	0	0	0	0	255	255	255	255	255	255	255	255	255	255	255	255	255	0	0	0	255	255	255	0	0	0	0	0	255	0	0	0	0	0	0	0	0	0	0	0	0	0	0	0	0	0	0	0	0	0
Y53	0	0	0	0	0	0	0	0	0	0	0	0	0	0	0	0	0	0	0	0	0	0	0	0	255	255	255	255	255	255	255	255	255	255	255	255	255	255	255	0	0	0	0	0	0	0	0	0	0	0	0	0	0	0	0	0	0	0	0	0	255	0	0	0	0	0	0	0	0	0
Y54	0	0	0	255	255	0	255	0	255	0	0	0	0	0	0	0	0	0	0	0	0	0	0	0	255	255	255	255	255	255	255	255	255	255	255	255	255	255	255	255	0	0	0	0	0	0	0	0	0	0	0	0	0	0	0	0	0	0	255	255	255	0	0	0	0	0	0	0	0	0
Y55	0	0	0	255	255	255	255	255	255	0	0	0	0	0	0	0	0	0	0	0	0	0	0	0	255	255	255	255	255	255	255	255	255	255	255	255	255	255	255	255	0	0	0	0	0	0	0	0	0	0	0	0	0	0	0	0	0	0	255	255	255	255	255	255	0	0	0	0	0	0
Y56	0	0	255	255	255	255	255	255	255	255	0	0	0	0	0	0	0	0	0	0	0	0	0	0	255	255	255	255	255	255	255	255	255	255	255	255	255	255	255	255	255	255	0	0	0	0	0	0	0	0	0	0	0	0	0	0	0	0	255	255	255	255	255	255	0	0	0	0	0	0
Y57	0	255	255	255	255	255	255	255	255	255	0	0	0	0	0	0	0	0	0	0	0	0	0	0	255	255	255	255	255	255	255	255	255	0	0	0	0	0	0	0	0	0	0	0	0	0	0	0	0	0	0	0	0	0	0	0	0	0	255	255	255	255	255	255	0	0	0	0	0	0
Y58	0	255	0	0	255	255	255	255	255	255	0	0	0	0	0	0	0	0	0	0	0	0	0	0	0	255	255	255	255	255	255	255	255	255	255	255	255	255	255	0	0	0	0	0	0	0	0	0	0	0	0	0	0	0	0	0	0	0	255	255	255	255	255	0	0	0	0	0	0	0
Y59	0	255	255	255	255	255	255	255	255	255	255	0	0	0	0	0	0	0	0	0	0	0	0	0	0	255	255	255	255	255	255	255	255	255	255	255	255	255	255	255	0	0	0	0	0	0	0	0	0	0	0	0	0	0	0	0	0	0	0	0	0	0	0	0	0	0	0	0	0	0
Y60	0	255	255	255	255	255	255	255	255	255	255	0	0	0	0	0	0	0	0	0	0	0	0	0	0	0	255	255	255	255	255	255	255	255	255	255	255	255	255	0	0	0	0	0	0	0	0	0	0	0	0	0	0	0	0	0	0	0	0	0	0	0	0	0	0	0	0	0	0	0
Y61	0	255	255	255	255	255	255	255	255	255	0	0	0	0	0	0	0	0	0	0	0	0	0	0	0	0	255	255	255	255	255	255	255	255	255	255	255	255	255	255	255	255	0	0	0	0	0	0	0	0	0	0	0	0	0	0	0	0	0	0	0	0	0	0	0	0	0	0	0	0
Y62	0	255	255	255	255	255	255	255	255	255	255	0	0	0	0	0	0	0	0	0	0	0	0	0	0	0	0	255	255	255	255	255	255	255	255	255	255	255	255	255	255	255	255	0	0	0	0	0	0	0	0	0	0	0	0	0	0	0	0	0	0	0	0	0	0	0	0	0	0	0
Y63	0	255	255	255	255	255	255	255	255	255	255	0	0	0	0	0	0	0	0	0	0	0	0	0	0	0	0	0	255	255	255	255	255	255	255	255	255	255	255	255	255	255	255	255	0	0	0	0	0	0	0	0	0	0	0	0	0	0	0	0	0	0	0	0	0	0	0	0	0	0
Y64	0	255	255	255	255	255	255	255	255	255	255	255	0	0	0	0	0	0	0	0	0	0	0	0	0	0	0	0	0	0	255	255	255	255	255	255	255	255	255	255	255	255	255	255	255	0	0	0	0	0	0	0	0	0	0	0	0	0	0	0	0	0	0	0	0	0	0	0	0	0
Y65	0	255	255	255	255	255	255	255	255	255	0	255	0	0	0	0	0	0	0	0	0	0	0	0	0	0	0	0	0	0	0	0	255	255	255	255	255	255	255	255	255	255	255	255	0	0	0	0	0	0	0	0	0	0	0	0	0	0	0	0	0	0	0	0	0	0	0	0	0	0
Y66	0	255	255	255	255	255	255	255	255	255	255	255	0	0	0	0	0	0	0	0	0	0	0	0	0	255	0	0	0	0	0	0	0	255	255	255	255	255	255	255	255	255	255	0	0	0	0	0	0	0	0	0	0	0	0	0	0	0	0	0	0	0	0	0	0	0	0	0	0	0
Y67	0	255	255	255	255	255	255	255	255	255	255	0	0	0	0	0	0	0	0	0	0	0	0	0	0	255	255	0	0	0	0	0	0	0	0	255	255	255	0	0	0	255	255	0	0	0	0	0	0	0	0	0	0	0	0	0	0	0	0	0	0	0	0	0	0	0	0	0	0	0
Y68	0	255	255	255	255	255	255	255	255	255	255	0	0	0	0	0	0	0	0	0	0	0	0	0	0	255	255	0	0	0	0	0	0	0	0	0	0	0	0	0	0	0	0	0	0	0	0	0	0	0	0	0	0	0	0	0	0	0	0	0	255	255	255	0	0	0	0	255	255	0
Y69	0	255	255	255	255	255	255	255	255	0	0	0	0	0	0	0	0	0	0	0	0	0	0	0	0	255	255	255	0	0	0	0	0	0	0	0	0	0	0	0	0	0	0	0	0	0	0	0	0	0	0	0	0	0	0	0	0	0	0	255	255	255	255	255	0	0	0	255	255	0
Y70	0	255	255	255	255	255	255	255	255	0	0	0	0	0	0	0	0	0	0	0	0	0	0	0	0	255	255	255	255	0	0	0	0	0	0	0	0	0	0	0	0	0	0	0	0	0	0	0	0	0	0	0	0	0	0	0	0	0	255	255	255	255	255	255	255	255	0	0	0	0
Y71	0	255	255	255	255	255	255	255	0	0	0	0	0	0	0	0	0	0	0	0	0	0	0	255	255	255	255	255	255	255	0	0	0	0	0	0	0	0	0	0	0	0	0	0	0	0	0	0	0	0	0	0	0	0	0	0	0	0	255	255	255	255	255	255	255	255	0	0	0	0
Y72	0	0	255	255	255	255	0	0	0	0	0	0	0	0	0	0	0	0	0	0	0	0	0	255	255	255	255	255	255	255	255	255	0	0	0	0	0	0	0	0	0	0	0	0	0	0	0	0	0	0	0	0	0	0	0	0	0	0	255	255	0	255	255	255	0	0	255	0	0	0
Y73	0	0	0	0	0	0	0	0	0	0	0	0	0	0	0	0	0	0	0	0	0	0	0	0	255	255	255	255	255	255	255	255	0	0	0	0	0	0	0	0	0	0	0	0	0	0	0	0	0	0	0	0	0	0	0	0	0	0	255	255	0	0	0	0	0	0	0	0	0	0
Y74	0	0	0	0	0	0	0	0	0	0	0	0	0	0	0	0	0	0	0	0	0	0	0	0	0	0	255	255	255	255	255	255	0	0	0	0	0	0	0	0	0	0	0	0	0	0	0	0	0	0	0	0	0	0	0	0	0	0	0	0	0	0	0	0	0	0	0	0	0	0
Y75	0	0	0	0	0	0	0	0	0	0	0	0	0	0	0	0	0	0	0	0	0	0	0	0	0	0	255	255	255	255	255	255	0	0	0	0	0	0	0	0	0	0	0	0	0	0	0	0	0	0	0	0	0	0	0	0	0	0	0	0	0	0	0	0	0	0	0	0	0	0
Y76	0	0	0	0	0	0	0	0	0	0	0	0	0	0	0	0	0	0	0	0	0	0	0	0	0	0	255	255	255	255	255	255	255	0	0	0	0	0	0	0	0	0	0	0	0	0	0	0	0	0	0	0	0	0	0	0	0	0	0	0	0	0	0	0	0	0	0	0	0	0
Y77	0	0	0	0	0	0	0	0	0	0	0	0	0	0	0	0	0	0	0	0	0	0	0	0	0	0	0	0	0	0	0	0	0	0	0	0	0	0	0	0	0	0	0	0	0	0	0	0	0	0	0	0	0	0	0	0	0	0	0	0	0	0	0	0	0	0	0	0	0	0
