0.0121855	0.0217377	-0.0114002	-0.0159311	0.011173	0.00244581	-0.0021361	-0.0170237	0.0228228	0.00784476	-0.00226978	0.0139062	0.00251564	0.01411	-0.00321165	-0.0130899	0.0040343	0.000471502	-0.00444563	0.00664276	-0.00811609	0.00650221	-0.0085651	0.0110974	-0.0190975	-0.00997311	0.0127107	0.022854	-0.0290249	-0.00430862	0.0201878	-0.00465649	0.0181077	0.00116758	-0.0142357	0.0058457	0.0103868	-0.00529348	0.00126885	-0.016237	0.0175574	0.00807878	0.00204715	-0.00645215	0.00455341	0.00793651	-0.0269231	0.0177659	-0.00336397	0.00603461	
0.0918359	0.114316	-0.0297933	-0.107757	0.0698517	0.0387752	0.0367302	-0.0844982	0.118774	0.0089901	-0.072265	0.126127	-0.0314239	0.066957	0.054294	-0.0420444	0.073059	0.0367438	0.00163737	0.0265477	-0.0746917	0.0150992	0.0171435	0.0514415	-0.0889819	-0.0914913	0.111032	0.126122	-0.152663	-0.0653234	0.094762	-0.0351352	0.21519	0.0391798	-0.0310164	-0.0387727	0.124165	-0.0122436	0.0204135	-0.144092	0.0791844	0.0444862	0.00979659	0.0306238	-0.00815714	-0.0105991	-0.144897	0.156415	-0.0183806	-0.0489953	
0.120339	0.137294	-0.00445387	-0.115118	0.0801648	0.0706083	0.0390696	-0.115384	0.161184	0.00174483	-0.105544	0.136773	-0.0452255	0.0585764	0.0845618	-0.0486081	0.112189	0.00824378	-0.013822	0.0274925	-0.0999438	0.00853556	0.0220488	0.0596935	-0.112556	-0.130434	0.109466	0.1302	-0.200879	-0.0740953	0.0917004	-0.0353259	0.305997	0.0627886	-0.0260596	-0.0672018	0.165208	-0.0277392	0.0376082	-0.20032	0.0767427	0.0713293	0.0253141	0.0241841	-0.0137985	-0.0193781	-0.178348	0.225613	-0.0176778	-0.0744074	
0.136319	0.140051	0.000823835	-0.108983	0.0767563	0.0857135	0.0477373	-0.116732	0.17877	-0.0134478	-0.122468	0.141234	-0.0563132	0.0567182	0.0865489	-0.0506204	0.126523	-0.00855534	-0.0142745	0.022891	-0.111012	-0.0106199	0.0306139	0.0641078	-0.113869	-0.139254	0.116348	0.114285	-0.212672	-0.0657028	0.0755963	-0.0355695	0.338927	0.0746829	-0.0248857	-0.0791717	0.189125	-0.0412213	0.0477683	-0.231845	0.0779609	0.0620259	0.0322466	0.0171655	-0.0289649	-0.0305816	-0.197548	0.244199	-0.0171714	-0.0877899	
0.14085	0.132225	-0.000420164	-0.0955051	0.0765319	0.0918381	0.047394	-0.123757	0.183284	-0.0269796	-0.138518	0.130194	-0.0665635	0.0539851	0.0779403	-0.0428457	0.144923	-0.0245181	-0.0171621	0.015875	-0.112269	-0.00202885	0.0432627	0.064464	-0.109439	-0.147999	0.121615	0.103267	-0.205702	-0.0719544	0.0489305	-0.0301484	0.369452	0.0865593	-0.0212467	-0.0894675	0.191862	-0.0604137	0.0603915	-0.247828	0.0808137	0.0616761	0.0261198	0.00445694	-0.0473768	-0.0466296	-0.19715	0.250467	-0.0240442	-0.0995675	
0.135154	0.119129	0.00446886	-0.0832562	0.0700785	0.0934717	0.0466076	-0.11563	0.175131	-0.0351719	-0.145926	0.121205	-0.0682173	0.0532263	0.0754742	-0.0403877	0.153918	-0.0212726	-0.0139107	0.014207	-0.11555	-0.00201985	0.0538729	0.0668892	-0.114366	-0.15216	0.119964	0.099186	-0.198341	-0.0744627	0.0309059	-0.0251962	0.388189	0.0865773	-0.0171809	-0.090325	0.192623	-0.0759279	0.0726228	-0.25194	0.088975	0.0600703	0.0334647	0.00198271	-0.0580097	-0.0524029	-0.195523	0.252166	-0.0215638	-0.112602	
0.135192	0.110084	0.00853256	-0.0661053	0.0776044	0.0983717	0.0499334	-0.123874	0.174337	-0.0401265	-0.151758	0.105677	-0.0576462	0.0410906	0.0599292	-0.0379207	0.157214	-0.0311091	-0.0139386	0.0206689	-0.113947	-0.00771622	0.0579506	0.0692904	-0.117688	-0.149044	0.111765	0.0959227	-0.190966	-0.0704948	0.0111919	-0.020192	0.401982	0.0833478	-0.0131311	-0.0953063	0.191694	-0.0824665	0.0856564	-0.249548	0.09142	0.0650228	0.0367261	-0.00296574	-0.0678463	-0.0541484	-0.189818	0.264549	-0.0223183	-0.138672	
0.1262	0.109289	0.0118039	-0.0620263	0.080817	0.0975547	0.0507298	-0.13038	0.163717	-0.0474558	-0.163154	0.0999684	-0.0462028	0.044319	0.0411642	-0.0371104	0.162918	-0.029463	-0.00494943	0.0166098	-0.110671	-0.0093549	0.0628499	0.0652244	-0.122568	-0.144091	0.105246	0.0975547	-0.177914	-0.0737233	-0.00510587	-0.0169599	0.422427	0.088234	-0.00250773	-0.0993618	0.186831	-0.0881782	0.101176	-0.250345	0.090605	0.0658212	0.0318294	-0.0102968	-0.0751804	-0.0622786	-0.176754	0.259605	-0.0182567	-0.147672	
0.128256	0.108854	0.020368	-0.0518189	0.0829311	0.0979637	0.0503466	-0.131637	0.15842	-0.0536023	-0.169328	0.09792	-0.0400974	0.0455926	0.0391091	-0.030164	0.166604	-0.0298879	-0.00700198	0.0120899	-0.0988467	-0.0113882	0.0591747	0.0566322	-0.127081	-0.142928	0.101557	0.09878	-0.170147	-0.0700961	-0.021896	-0.0156915	0.426064	0.0902899	0.00523438	-0.0949049	0.180659	-0.0934876	0.109737	-0.246696	0.0885625	0.0711505	0.0330523	-0.0115422	-0.0764216	-0.0741682	-0.171452	0.267419	-0.0219049	-0.157854	
0.122909	0.104433	0.0297753	-0.053052	0.087242	0.0959207	0.0506898	-0.14176	0.157988	-0.0539499	-0.17533	0.099164	-0.0388273	0.0458753	0.0354723	-0.0256936	0.158816	-0.0335183	-0.00656348	0.00685854	-0.0967733	-0.0118159	0.0612199	0.0546431	-0.124163	-0.140721	0.094657	0.096737	-0.163238	-0.0679284	-0.0303506	-0.0170292	0.431469	0.0980065	0.0105754	-0.0911416	0.177105	-0.0971524	0.115073	-0.244592	0.0906076	0.0698674	0.0318321	-0.0118963	-0.0743373	-0.0842563	-0.171849	0.264419	-0.0166651	-0.164038	
0.122909	0.0995342	0.0346734	-0.0489704	0.0839728	0.100819	0.0539556	-0.150741	0.161253	-0.0515006	-0.181864	0.103246	-0.0347454	0.050776	0.0330232	-0.0256936	0.163715	-0.0384166	-0.00737983	0.00277608	-0.098406	-0.00936689	0.0677505	0.0554595	-0.128245	-0.141538	0.0775132	0.0975534	-0.159156	-0.0597606	-0.0344343	-0.0104957	0.432286	0.106987	0.0179226	-0.082976	0.173021	-0.0922545	0.123237	-0.234794	0.0906076	0.0723167	0.0326484	-0.019244	-0.0727046	-0.0907903	-0.168584	0.255433	-0.0150321	-0.177917	
0.118004	0.104444	0.0436561	-0.0489717	0.0839444	0.100002	0.0604772	-0.156444	0.159617	-0.0514913	-0.181845	0.103249	-0.0314729	0.0589245	0.0330288	-0.0159006	0.159628	-0.0400427	-0.00819152	0.0109527	-0.0935029	-0.0101862	0.0702001	0.056284	-0.124154	-0.143964	0.0701719	0.102451	-0.159161	-0.0589245	-0.0474837	-0.00887964	0.433117	0.111062	0.0252752	-0.0756133	0.164872	-0.0955185	0.132221	-0.227437	0.087343	0.0731241	0.0302001	-0.0249505	-0.0726979	-0.0948554	-0.166133	0.258679	-0.0215741	-0.182009	
0.119656	0.0970635	0.0469124	-0.0473351	0.0815776	0.0991867	0.0670388	-0.166282	0.160444	-0.0523357	-0.185986	0.0983417	-0.0323102	0.0647	0.0395428	-0.00772822	0.162908	-0.0376135	-0.00575646	0.0141837	-0.0894361	-0.0134426	0.0677491	0.0554436	-0.127448	-0.145674	0.0652557	0.106534	-0.156698	-0.0573489	-0.0508067	-0.00964433	0.433072	0.109448	0.0301574	-0.0699385	0.165633	-0.0947061	0.137105	-0.2242	0.0791777	0.0772332	0.0253001	-0.0282412	-0.068636	-0.0981784	-0.163689	0.253843	-0.0231761	-0.18443	
0.122086	0.0889308	0.0436561	-0.0408084	0.0806752	0.102451	0.0670088	-0.179307	0.159617	-0.0514913	-0.192463	0.104065	-0.0224926	0.0670923	0.0346616	-0.00283919	0.166975	-0.0335116	-0.0122733	0.0125857	-0.0886047	-0.00447186	0.0750981	0.056284	-0.123337	-0.148867	0.0587427	0.1049	-0.154263	-0.0613748	-0.0581015	-0.00479616	0.433934	0.115144	0.0375206	-0.0625485	0.157521	-0.0947021	0.141201	-0.219272	0.0726491	0.0747569	0.0179552	-0.029849	-0.0604522	-0.100573	-0.161235	0.251327	-0.0199412	-0.186907	
0.122099	0.0938083	0.0436501	-0.0334588	0.0831838	0.09837	0.0678452	-0.19893	0.154726	-0.0523264	-0.1876	0.108957	-0.0184247	0.0703981	0.0248538	0.00451385	0.176781	-0.022912	-0.0139153	0.0125623	-0.0837166	-0.00283319	0.0799947	0.056268	-0.120907	-0.155454	0.0530161	0.09837	-0.146906	-0.0654974	-0.0720236	0.000138671	0.43717	0.115156	0.048939	-0.0486944	0.146049	-0.0914395	0.137926	-0.21276	0.0612192	0.0739585	0.0204028	-0.0388462	-0.0514853	-0.112045	-0.156341	0.246469	-0.0215535	-0.196686	
0.118846	0.0946034	0.0452767	-0.0326398	0.0832406	0.0926564	0.0727639	-0.203855	0.152285	-0.0539779	-0.187638	0.112216	-0.0200714	0.0720704	0.0158625	0.0102342	0.185771	-0.0139451	-0.0163737	0.010906	-0.0829102	-0.00609254	0.0832587	0.0505371	-0.122558	-0.156322	0.0456568	0.0926564	-0.138733	-0.0679865	-0.078595	0.00262342	0.440407	0.118434	0.0521938	-0.0381065	0.137028	-0.0906258	0.135468	-0.211963	0.0563199	0.0756093	0.0122382	-0.0364136	-0.0482331	-0.1227	-0.156344	0.242428	-0.0223493	-0.199116	
0.117631	0.0941792	0.0473131	-0.0289643	0.0820571	0.0914324	0.0789023	-0.209999	0.143719	-0.0503179	-0.183991	0.11262	-0.0204901	0.0741413	0.00401669	0.0188102	0.190269	-0.00864864	-0.0159725	0.00313183	-0.0751623	-0.00812889	0.0869312	0.0533825	-0.114816	-0.154317	0.0452396	0.0938814	-0.131787	-0.0667903	-0.0871989	-0.0018424	0.445692	0.120484	0.0607576	-0.0271035	0.12434	-0.0845053	0.135869	-0.206671	0.0510128	0.0694997	0.0150944	-0.0392836	-0.0388547	-0.130487	-0.161652	0.244503	-0.0251914	-0.206859	
0.115568	0.0962577	0.0501808	-0.0261119	0.0880877	0.0902068	0.0792755	-0.208728	0.139216	-0.0515099	-0.183517	0.112222	-0.0216902	0.0736653	-0.00453533	0.0200243	0.192292	-0.00984989	-0.0163644	0.00194792	-0.0722876	-0.00609854	0.0897906	0.0554516	-0.112742	-0.153003	0.0424033	0.0951047	-0.126497	-0.0703981	-0.094076	-0.0039448	0.44697	0.124136	0.0644499	-0.0184818	0.11828	-0.0824599	0.133845	-0.204596	0.0448927	0.0657942	0.00897427	-0.0445611	-0.0310758	-0.13328	-0.162055	0.247286	-0.029718	-0.211382	
0.11229	0.0913802	0.0559011	-0.0228492	0.0896656	0.0902061	0.0792555	-0.207069	0.137576	-0.054757	-0.173677	0.108147	-0.0167779	0.0711762	-0.00125854	0.0192019	0.194731	-0.00493827	-0.013906	0.00850319	-0.0698285	-0.00692088	0.0938736	0.0579168	-0.111907	-0.159489	0.0358843	0.0991857	-0.119976	-0.0654588	-0.0981224	-0.00724625	0.451899	0.128206	0.0652769	-0.011922	0.1126	-0.0783756	0.135487	-0.199678	0.039996	0.0592448	0.0114246	-0.0469936	-0.0253478	-0.135693	-0.163684	0.248877	-0.0346374	-0.217115	
0.108594	0.0983575	0.0620342	-0.0175477	0.0883404	0.0914294	0.0820781	-0.201716	0.136338	-0.0575819	-0.171569	0.112647	-0.0163452	0.0682498	-0.00572872	0.0187833	0.198387	-0.00613952	-0.0126651	0.00895226	-0.0587902	-0.0130539	0.10408	0.0559037	-0.113099	-0.16226	0.0305989	0.0995927	-0.119584	-0.067433	-0.103366	-0.0134321	0.453177	0.130226	0.0697856	-0.00575005	0.10899	-0.0755137	0.133462	-0.199236	0.0355086	0.0579887	0.0134677	-0.0498219	-0.0224671	-0.138486	-0.154291	0.247575	-0.0350818	-0.218373	
0.1106	0.0988244	0.0649078	-0.0130653	0.0877758	0.0885704	0.0824314	-0.20287	0.135094	-0.054673	-0.169422	0.112255	-0.0142658	0.0726358	-0.00773848	0.0208076	0.202033	-0.00651105	-0.013864	0.0126906	-0.0485583	-0.0151112	0.10939	0.0539067	-0.111007	-0.164164	0.0318564	0.0983664	-0.114303	-0.0693687	-0.105305	-0.0155692	0.452851	0.13305	0.0726722	0.00126583	0.107051	-0.0783636	0.135529	-0.200407	0.0342877	0.0567146	0.0106143	-0.0501843	-0.0212059	-0.145326	-0.149792	0.241329	-0.0306481	-0.221281	
0.105714	0.098803	0.0657182	-0.00979728	0.0902844	0.0893874	0.0824513	-0.207795	0.127754	-0.0530588	-0.171094	0.110617	-0.0134634	0.0694073	-0.00938254	0.024079	0.206125	-0.00652438	-0.0106079	0.0167498	-0.0428538	-0.0175543	0.111021	0.0538907	-0.108576	-0.163397	0.0326608	0.0967344	-0.114294	-0.0718577	-0.109426	-0.0163512	0.451188	0.134695	0.0759269	0.00532127	0.104563	-0.0791826	0.13307	-0.200427	0.0334701	0.0583654	0.00816394	-0.0510174	-0.0187701	-0.149447	-0.14653	0.238105	-0.0289946	-0.226161	
0.102461	0.0963323	0.0640795	-0.00979461	0.0887065	0.0885718	0.0841042	-0.213536	0.124496	-0.0530775	-0.170315	0.110611	-0.0110282	0.0678124	-0.011843	0.024085	0.209401	-0.00327219	-0.01225	0.0175429	-0.038782	-0.0167319	0.111836	0.0538747	-0.111861	-0.163448	0.0310161	0.0934697	-0.110203	-0.0767971	-0.108647	-0.0187666	0.447891	0.139605	0.0742836	0.0110098	0.105342	-0.0808179	0.134694	-0.197997	0.0293871	0.057567	0.00571362	-0.0518505	-0.0155179	-0.151118	-0.143268	0.240599	-0.0322397	-0.228592	
0.101227	0.0910413	0.0644922	-0.00612313	0.0882553	0.0906121	0.0828646	-0.216375	0.126531	-0.0542881	-0.170695	0.11184	-0.0130587	0.0690086	-0.013059	0.0236723	0.21225	-0.002854	-0.0126511	0.0155192	-0.0342845	-0.0204099	0.112245	0.0575605	-0.10654	-0.165453	0.0289842	0.0938774	-0.109802	-0.0771764	-0.107394	-0.0216511	0.444239	0.142454	0.0771488	0.0147048	0.102512	-0.0844894	0.133476	-0.199207	0.0273473	0.0587782	0.00612279	-0.0481641	-0.0126506	-0.152315	-0.142041	0.240975	-0.031847	-0.229014	
0.0991706	0.0865774	0.0657242	-0.00163666	0.0902277	0.0902031	0.0783491	-0.214301	0.131828	-0.0563059	-0.168606	0.113072	-0.0134494	0.0693687	-0.0150858	0.0257056	0.215095	1.9993e-05	-0.0130477	0.0159566	-0.0338638	-0.0216419	0.113471	0.0596215	-0.107741	-0.166615	0.0261419	0.0934684	-0.110222	-0.0783533	-0.107755	-0.0221028	0.443868	0.14448	0.079203	0.0167804	0.10215	-0.0840779	0.132263	-0.198774	0.0253081	0.0550817	0.00816527	-0.0485515	-0.0122257	-0.155127	-0.138363	0.241329	-0.0322811	-0.226996	
0.0967089	0.0874152	0.0632812	-6.66391e-06	0.0918056	0.0877535	0.0758798	-0.216725	0.13427	-0.0571037	-0.166934	0.110629	-0.0101698	0.0676964	-0.0158908	0.0256996	0.218351	0.00166608	-0.0138547	0.012714	-0.0322211	-0.0224643	0.115105	0.0620868	-0.108539	-0.167381	0.0212556	0.0902024	-0.111047	-0.080765	-0.110985	-0.0196873	0.444715	0.145284	0.0824792	0.0184408	0.103821	-0.0824425	0.129007	-0.195489	0.0244931	0.0534309	0.0081666	-0.0477184	-0.00976325	-0.15754	-0.135094	0.240469	-0.027403	-0.227015	
0.0954811	0.0837464	0.0604255	0.00121716	0.0905655	0.0873451	0.076283	-0.21631	0.134676	-0.0599565	-0.1657	0.111855	-0.00894176	0.0664616	-0.0162962	0.0261063	0.220389	0.00289399	-0.0150769	0.0114951	-0.0293614	-0.0228739	0.11633	0.062499	-0.108943	-0.166143	0.0192177	0.0873451	-0.110642	-0.0811637	-0.114651	-0.018471	0.445131	0.142424	0.0853391	0.0237553	0.106689	-0.08285	0.127785	-0.195076	0.0240853	0.0538346	0.00775877	-0.0473061	-0.00935173	-0.159573	-0.132236	0.239233	-0.0278164	-0.229061	
0.0917789	0.0858356	0.0583981	0.00243566	0.0892119	0.0861191	0.0750133	-0.215843	0.137517	-0.0611392	-0.167656	0.114725	-0.00931847	0.0692333	-0.019128	0.02895	0.226489	0.00659769	-0.0146477	0.00705683	-0.0248489	-0.0224793	0.117558	0.0637596	-0.112574	-0.163169	0.0204692	0.0853028	-0.111887	-0.0814851	-0.12151	-0.0165072	0.44234	0.139539	0.0882203	0.0250416	0.111265	-0.0824359	0.127398	-0.193808	0.0228638	0.0566516	0.00735361	-0.0427783	-0.0105463	-0.160714	-0.127739	0.236276	-0.0266382	-0.227878	
0.0925953	0.0874685	0.0583981	0.00243566	0.0859427	0.0836702	0.072564	-0.218293	0.141599	-0.0635885	-0.167656	0.11146	-0.00523654	0.066783	-0.019128	0.031399	0.228122	0.0123124	-0.013015	0.00542385	-0.0191344	-0.0241119	0.122456	0.064576	-0.111758	-0.161535	0.0188365	0.0812212	-0.108622	-0.0814851	-0.12396	-0.0148738	0.443973	0.13709	0.0865876	0.0299409	0.116982	-0.0816195	0.1225	-0.194625	0.0179659	0.0591009	0.00653728	-0.0444111	-0.00972993	-0.165614	-0.124474	0.232192	-0.0233723	-0.227062	
0.0918043	0.0898752	0.0575698	0.000808332	0.0836042	0.0812225	0.0701546	-0.219978	0.146512	-0.0652587	-0.166098	0.107366	-0.00363175	0.0644099	-0.0240488	0.0346764	0.229775	0.0163676	-0.0122173	0.0037442	-0.0150726	-0.0232836	0.120004	0.0629112	-0.110162	-0.164088	0.0147307	0.0755082	-0.109419	-0.0815624	-0.124851	-0.0131711	0.443097	0.136298	0.0857499	0.0331525	0.117724	-0.0808085	0.121665	-0.19548	0.0163305	0.0583205	0.00653461	-0.043628	-0.00812382	-0.167322	-0.122848	0.232278	-0.0225146	-0.23029	
